Time	X-ray (ID 01) / Impulse Imp	X-ray (ID 01) / Voltage U	X-ray (ID 01) / Current I	X-ray (ID 01) / Detector angle ?_d	X-ray (ID 01) / Crystal angle ?_c
t/s	Imp/# / s	U/kV	I/mA	?_d/°	?_c/°

0.00	5410	35.0	1.00	12.0	6.0
2.00	4981	35.0	1.00	12.2	6.1
4.00	4499	35.0	1.00	12.4	6.2
6.00	4142	35.0	1.00	12.6	6.3
8.00	3947	35.0	1.00	12.8	6.4
10.00	3662	35.0	1.00	13.0	6.5
12.00	3441	35.0	1.00	13.2	6.6
14.00	3202	35.0	1.00	13.4	6.7
16.00	2948	35.0	1.00	13.6	6.8
18.00	2725	35.0	1.00	13.8	6.9
20.00	2500	35.0	1.00	14.0	7.0
22.00	2274	35.0	1.00	14.2	7.1
24.00	2091	35.0	1.00	14.4	7.2
26.00	1914	35.0	1.00	14.6	7.3
28.00	1845	35.0	1.00	14.8	7.4
30.00	1767	35.0	1.00	15.0	7.5
32.00	1639	35.0	1.00	15.2	7.6
34.00	1688	35.0	1.00	15.4	7.7
36.00	1639	35.0	1.00	15.6	7.8
38.00	1640	35.0	1.00	15.8	7.9
40.00	1569	35.0	1.00	16.0	8.0
42.00	1512	35.0	1.00	16.2	8.1
44.00	1508	35.0	1.00	16.4	8.2
46.00	1509	35.0	1.00	16.6	8.3
48.00	1518	35.0	1.00	16.8	8.4
50.00	1473	35.0	1.00	17.0	8.5
52.00	1383	35.0	1.00	17.2	8.6
54.00	1405	35.0	1.00	17.4	8.7
56.00	1350	35.0	1.00	17.6	8.8
58.00	1372	35.0	1.00	17.8	8.9
60.00	1337	35.0	1.00	18.0	9.0
62.00	1342	35.0	1.00	18.2	9.1
64.00	1297	35.0	1.00	18.4	9.2
66.00	1275	35.0	1.00	18.6	9.3
68.00	1285	35.0	1.00	18.8	9.4
70.00	1279	35.0	1.00	19.0	9.5
72.00	1252	35.0	1.00	19.2	9.6
74.00	1253	35.0	1.00	19.4	9.7
76.00	1247	35.0	1.00	19.6	9.8
78.00	1341	35.0	1.00	19.8	9.9
80.00	1400	35.0	1.00	20.0	10.0
82.00	1428	35.0	1.00	20.2	10.1
84.00	1437	35.0	1.00	20.4	10.2
86.00	1406	35.0	1.00	20.6	10.3
88.00	1391	35.0	1.00	20.8	10.4
90.00	1453	35.0	1.00	21.0	10.5
92.00	1439	35.0	1.00	21.2	10.6
94.00	1388	35.0	1.00	21.4	10.7
96.00	1418	35.0	1.00	21.6	10.8
98.00	1385	35.0	1.00	21.8	10.9
100.00	1395	35.0	1.00	22.0	11.0
102.00	1375	35.0	1.00	22.2	11.1
104.00	1404	35.0	1.00	22.4	11.2
106.00	1299	35.0	1.00	22.6	11.3
108.00	1327	35.0	1.00	22.8	11.4
110.00	1344	35.0	1.00	23.0	11.5
112.00	1260	35.0	1.00	23.2	11.6
114.00	1274	35.0	1.00	23.4	11.7
116.00	1213	35.0	1.00	23.6	11.8
118.00	1217	35.0	1.00	23.8	11.9
120.00	1245	35.0	1.00	24.0	12.0
122.00	1169	35.0	1.00	24.2	12.1
124.00	1162	35.0	1.00	24.4	12.2
126.00	1123	35.0	1.00	24.6	12.3
128.00	1114	35.0	1.00	24.8	12.4
130.00	1108	35.0	1.00	25.0	12.5
132.00	1108	35.0	1.00	25.2	12.6
134.00	1062	35.0	1.00	25.4	12.7
136.00	1064	35.0	1.00	25.6	12.8
138.00	1018	35.0	1.00	25.8	12.9
140.00	1029	35.0	1.00	26.0	13.0
142.00	998	35.0	1.00	26.2	13.1
144.00	978	35.0	1.00	26.4	13.2
146.00	934	35.0	1.00	26.6	13.3
148.00	949	35.0	1.00	26.8	13.4
150.00	888	35.0	1.00	27.0	13.5
152.00	881	35.0	1.00	27.2	13.6
154.00	818	35.0	1.00	27.4	13.7
156.00	792	35.0	1.00	27.6	13.8
158.00	779	35.0	1.00	27.8	13.9
160.00	786	35.0	1.00	28.0	14.0
162.00	732	35.0	1.00	28.2	14.1
164.00	717	35.0	1.00	28.4	14.2
166.00	679	35.0	1.00	28.6	14.3
168.00	701	35.0	1.00	28.8	14.4
170.00	683	35.0	1.00	29.0	14.5
172.00	668	35.0	1.00	29.2	14.6
174.00	679	35.0	1.00	29.4	14.7
176.00	694	35.0	1.00	29.6	14.8
178.00	669	35.0	1.00	29.8	14.9
180.00	670	35.0	1.00	30.0	15.0
182.00	620	35.0	1.00	30.2	15.1
184.00	654	35.0	1.00	30.4	15.2
186.00	612	35.0	1.00	30.6	15.3
188.00	640	35.0	1.00	30.8	15.4
190.00	597	35.0	1.00	31.0	15.5
192.00	617	35.0	1.00	31.2	15.6
194.00	588	35.0	1.00	31.4	15.7
196.00	561	35.0	1.00	31.6	15.8
198.00	580	35.0	1.00	31.8	15.9
200.00	579	35.0	1.00	32.0	16.0
202.00	538	35.0	1.00	32.2	16.1
204.00	554	35.0	1.00	32.4	16.2
206.00	510	35.0	1.00	32.6	16.3
208.00	510	35.0	1.00	32.8	16.4
210.00	513	35.0	1.00	33.0	16.5
212.00	515	35.0	1.00	33.2	16.6
214.00	468	35.0	1.00	33.4	16.7
216.00	498	35.0	1.00	33.6	16.8
218.00	465	35.0	1.00	33.8	16.9
220.00	454	35.0	1.00	34.0	17.0
222.00	449	35.0	1.00	34.2	17.1
224.00	458	35.0	1.00	34.4	17.2
226.00	471	35.0	1.00	34.6	17.3
228.00	432	35.0	1.00	34.8	17.4
230.00	438	35.0	1.00	35.0	17.5
232.00	439	35.0	1.00	35.2	17.6
234.00	413	35.0	1.00	35.4	17.7
236.00	414	35.0	1.00	35.6	17.8
238.00	416	35.0	1.00	35.8	17.9
240.00	419	35.0	1.00	36.0	18.0
242.00	398	35.0	1.00	36.2	18.1
244.00	394	35.0	1.00	36.4	18.2
246.00	397	35.0	1.00	36.6	18.3
248.00	385	35.0	1.00	36.8	18.4
250.00	352	35.0	1.00	37.0	18.5
252.00	353	35.0	1.00	37.2	18.6
254.00	366	35.0	1.00	37.4	18.7
256.00	392	35.0	1.00	37.6	18.8
258.00	377	35.0	1.00	37.8	18.9
260.00	380	35.0	1.00	38.0	19.0
262.00	357	35.0	1.00	38.2	19.1
264.00	397	35.0	1.00	38.4	19.2
266.00	367	35.0	1.00	38.6	19.3
268.00	363	35.0	1.00	38.8	19.4
270.00	380	35.0	1.00	39.0	19.5
272.00	391	35.0	1.00	39.2	19.6
274.00	431	35.0	1.00	39.4	19.7
276.00	504	35.0	1.00	39.6	19.8
278.00	460	35.0	1.00	39.8	19.9
280.00	530	35.0	1.00	40.0	20.0
282.00	740	35.0	1.00	40.2	20.1
284.00	1490	35.0	1.00	40.4	20.2
286.00	3044	35.0	1.00	40.6	20.3
288.00	2186	35.0	1.00	40.8	20.4
290.00	2398	35.0	1.00	41.0	20.5
292.00	1233	35.0	1.00	41.2	20.6
294.00	703	35.0	1.00	41.4	20.7
296.00	563	35.0	1.00	41.6	20.8
298.00	471	35.0	1.00	41.8	20.9
300.00	436	35.0	1.00	42.0	21.0
302.00	442	35.0	1.00	42.2	21.1
304.00	416	35.0	1.00	42.4	21.2
306.00	397	35.0	1.00	42.6	21.3
308.00	413	35.0	1.00	42.8	21.4
310.00	436	35.0	1.00	43.0	21.5
312.00	473	35.0	1.00	43.2	21.6
314.00	476	35.0	1.00	43.4	21.7
316.00	533	35.0	1.00	43.6	21.8
318.00	583	35.0	1.00	43.8	21.9
320.00	742	35.0	1.00	44.0	22.0
322.00	726	35.0	1.00	44.2	22.1
324.00	823	35.0	1.00	44.4	22.2
326.00	1067	35.0	1.00	44.6	22.3
328.00	1827	35.0	1.00	44.8	22.4
330.00	4634	35.0	1.00	45.0	22.5
332.00	7708	35.0	1.00	45.2	22.6
334.00	6398	35.0	1.00	45.4	22.7
336.00	5743	35.0	1.00	45.6	22.8
338.00	2646	35.0	1.00	45.8	22.9
340.00	1138	35.0	1.00	46.0	23.0
342.00	694	35.0	1.00	46.2	23.1
344.00	527	35.0	1.00	46.4	23.2
346.00	447	35.0	1.00	46.6	23.3
348.00	388	35.0	1.00	46.8	23.4
350.00	339	35.0	1.00	47.0	23.5
352.00	325	35.0	1.00	47.2	23.6
354.00	294	35.0	1.00	47.4	23.7
356.00	285	35.0	1.00	47.6	23.8
358.00	305	35.0	1.00	47.8	23.9
360.00	281	35.0	1.00	48.0	24.0
362.00	263	35.0	1.00	48.2	24.1
364.00	278	35.0	1.00	48.4	24.2
366.00	277	35.0	1.00	48.6	24.3
368.00	260	35.0	1.00	48.8	24.4
370.00	248	35.0	1.00	49.0	24.5
372.00	258	35.0	1.00	49.2	24.6
374.00	254	35.0	1.00	49.4	24.7
376.00	254	35.0	1.00	49.6	24.8
378.00	250	35.0	1.00	49.8	24.9
380.00	224	35.0	1.00	50.0	25.0
