Time	X-ray (ID 01) / Impulse Imp	X-ray (ID 01) / Voltage U	X-ray (ID 01) / Current I	X-ray (ID 01) / Detector angle ?_d	X-ray (ID 01) / Crystal angle ?_c
t/s	Imp/# / s	U/kV	I/mA	?_d/°	?_c/°

0.00	5448	35.0	1.00	12.0	6.0
2.00	4844	35.0	1.00	12.2	6.1
4.00	4317	35.0	1.00	12.4	6.2
6.00	3952	35.0	1.00	12.6	6.3
8.00	3624	35.0	1.00	12.8	6.4
10.00	3376	35.0	1.00	13.0	6.5
12.00	3088	35.0	1.00	13.2	6.6
14.00	2897	35.0	1.00	13.4	6.7
16.00	2716	35.0	1.00	13.6	6.8
18.00	2500	35.0	1.00	13.8	6.9
20.00	2294	35.0	1.00	14.0	7.0
22.00	2041	35.0	1.00	14.2	7.1
24.00	1882	35.0	1.00	14.4	7.2
26.00	1782	35.0	1.00	14.6	7.3
28.00	1616	35.0	1.00	14.8	7.4
30.00	1501	35.0	1.00	15.0	7.5
32.00	1442	35.0	1.00	15.2	7.6
34.00	1409	35.0	1.00	15.4	7.7
36.00	1337	35.0	1.00	15.6	7.8
38.00	1328	35.0	1.00	15.8	7.9
40.00	1283	35.0	1.00	16.0	8.0
42.00	1255	35.0	1.00	16.2	8.1
44.00	1220	35.0	1.00	16.4	8.2
46.00	1200	35.0	1.00	16.6	8.3
48.00	1159	35.0	1.00	16.8	8.4
50.00	1077	35.0	1.00	17.0	8.5
52.00	1119	35.0	1.00	17.2	8.6
54.00	1062	35.0	1.00	17.4	8.7
56.00	1042	35.0	1.00	17.6	8.8
58.00	1064	35.0	1.00	17.8	8.9
60.00	995	35.0	1.00	18.0	9.0
62.00	965	35.0	1.00	18.2	9.1
64.00	944	35.0	1.00	18.4	9.2
66.00	953	35.0	1.00	18.6	9.3
68.00	926	35.0	1.00	18.8	9.4
70.00	877	35.0	1.00	19.0	9.5
72.00	836	35.0	1.00	19.2	9.6
74.00	854	35.0	1.00	19.4	9.7
76.00	844	35.0	1.00	19.6	9.8
78.00	844	35.0	1.00	19.8	9.9
80.00	801	35.0	1.00	20.0	10.0
82.00	799	35.0	1.00	20.2	10.1
84.00	780	35.0	1.00	20.4	10.2
86.00	751	35.0	1.00	20.6	10.3
88.00	708	35.0	1.00	20.8	10.4
90.00	725	35.0	1.00	21.0	10.5
92.00	751	35.0	1.00	21.2	10.6
94.00	695	35.0	1.00	21.4	10.7
96.00	719	35.0	1.00	21.6	10.8
98.00	680	35.0	1.00	21.8	10.9
100.00	686	35.0	1.00	22.0	11.0
102.00	673	35.0	1.00	22.2	11.1
104.00	679	35.0	1.00	22.4	11.2
106.00	604	35.0	1.00	22.6	11.3
108.00	629	35.0	1.00	22.8	11.4
110.00	596	35.0	1.00	23.0	11.5
112.00	576	35.0	1.00	23.2	11.6
114.00	562	35.0	1.00	23.4	11.7
116.00	548	35.0	1.00	23.6	11.8
118.00	544	35.0	1.00	23.8	11.9
120.00	536	35.0	1.00	24.0	12.0
122.00	525	35.0	1.00	24.2	12.1
124.00	488	35.0	1.00	24.4	12.2
126.00	452	35.0	1.00	24.6	12.3
128.00	474	35.0	1.00	24.8	12.4
130.00	450	35.0	1.00	25.0	12.5
132.00	458	35.0	1.00	25.2	12.6
134.00	445	35.0	1.00	25.4	12.7
136.00	445	35.0	1.00	25.6	12.8
138.00	414	35.0	1.00	25.8	12.9
140.00	413	35.0	1.00	26.0	13.0
142.00	402	35.0	1.00	26.2	13.1
144.00	375	35.0	1.00	26.4	13.2
146.00	374	35.0	1.00	26.6	13.3
148.00	355	35.0	1.00	26.8	13.4
150.00	338	35.0	1.00	27.0	13.5
152.00	346	35.0	1.00	27.2	13.6
154.00	296	35.0	1.00	27.4	13.7
156.00	327	35.0	1.00	27.6	13.8
158.00	316	35.0	1.00	27.8	13.9
160.00	325	35.0	1.00	28.0	14.0
162.00	305	35.0	1.00	28.2	14.1
164.00	312	35.0	1.00	28.4	14.2
166.00	295	35.0	1.00	28.6	14.3
168.00	306	35.0	1.00	28.8	14.4
170.00	296	35.0	1.00	29.0	14.5
172.00	284	35.0	1.00	29.2	14.6
174.00	276	35.0	1.00	29.4	14.7
176.00	236	35.0	1.00	29.6	14.8
178.00	250	35.0	1.00	29.8	14.9
180.00	267	35.0	1.00	30.0	15.0
182.00	265	35.0	1.00	30.2	15.1
184.00	272	35.0	1.00	30.4	15.2
186.00	257	35.0	1.00	30.6	15.3
188.00	252	35.0	1.00	30.8	15.4
190.00	232	35.0	1.00	31.0	15.5
192.00	222	35.0	1.00	31.2	15.6
194.00	252	35.0	1.00	31.4	15.7
196.00	241	35.0	1.00	31.6	15.8
198.00	212	35.0	1.00	31.8	15.9
200.00	246	35.0	1.00	32.0	16.0
202.00	224	35.0	1.00	32.2	16.1
204.00	207	35.0	1.00	32.4	16.2
206.00	222	35.0	1.00	32.6	16.3
208.00	221	35.0	1.00	32.8	16.4
210.00	216	35.0	1.00	33.0	16.5
212.00	222	35.0	1.00	33.2	16.6
214.00	222	35.0	1.00	33.4	16.7
216.00	195	35.0	1.00	33.6	16.8
218.00	209	35.0	1.00	33.8	16.9
220.00	188	35.0	1.00	34.0	17.0
222.00	205	35.0	1.00	34.2	17.1
224.00	208	35.0	1.00	34.4	17.2
226.00	200	35.0	1.00	34.6	17.3
228.00	197	35.0	1.00	34.8	17.4
230.00	206	35.0	1.00	35.0	17.5
232.00	225	35.0	1.00	35.2	17.6
234.00	199	35.0	1.00	35.4	17.7
236.00	216	35.0	1.00	35.6	17.8
238.00	197	35.0	1.00	35.8	17.9
240.00	201	35.0	1.00	36.0	18.0
242.00	189	35.0	1.00	36.2	18.1
244.00	190	35.0	1.00	36.4	18.2
246.00	185	35.0	1.00	36.6	18.3
248.00	179	35.0	1.00	36.8	18.4
250.00	193	35.0	1.00	37.0	18.5
252.00	186	35.0	1.00	37.2	18.6
254.00	243	35.0	1.00	37.4	18.7
256.00	271	35.0	1.00	37.6	18.8
258.00	285	35.0	1.00	37.8	18.9
260.00	282	35.0	1.00	38.0	19.0
262.00	289	35.0	1.00	38.2	19.1
264.00	284	35.0	1.00	38.4	19.2
266.00	293	35.0	1.00	38.6	19.3
268.00	299	35.0	1.00	38.8	19.4
270.00	280	35.0	1.00	39.0	19.5
272.00	309	35.0	1.00	39.2	19.6
274.00	325	35.0	1.00	39.4	19.7
276.00	372	35.0	1.00	39.6	19.8
278.00	368	35.0	1.00	39.8	19.9
280.00	372	35.0	1.00	40.0	20.0
282.00	589	35.0	1.00	40.2	20.1
284.00	1100	35.0	1.00	40.4	20.2
286.00	2439	35.0	1.00	40.6	20.3
288.00	1769	35.0	1.00	40.8	20.4
290.00	2083	35.0	1.00	41.0	20.5
292.00	1005	35.0	1.00	41.2	20.6
294.00	562	35.0	1.00	41.4	20.7
296.00	409	35.0	1.00	41.6	20.8
298.00	344	35.0	1.00	41.8	20.9
300.00	314	35.0	1.00	42.0	21.0
302.00	318	35.0	1.00	42.2	21.1
304.00	316	35.0	1.00	42.4	21.2
306.00	287	35.0	1.00	42.6	21.3
308.00	275	35.0	1.00	42.8	21.4
310.00	280	35.0	1.00	43.0	21.5
312.00	323	35.0	1.00	43.2	21.6
314.00	347	35.0	1.00	43.4	21.7
316.00	392	35.0	1.00	43.6	21.8
318.00	436	35.0	1.00	43.8	21.9
320.00	490	35.0	1.00	44.0	22.0
322.00	511	35.0	1.00	44.2	22.1
324.00	552	35.0	1.00	44.4	22.2
326.00	681	35.0	1.00	44.6	22.3
328.00	1205	35.0	1.00	44.8	22.4
330.00	3356	35.0	1.00	45.0	22.5
332.00	5754	35.0	1.00	45.2	22.6
334.00	5054	35.0	1.00	45.4	22.7
336.00	4882	35.0	1.00	45.6	22.8
338.00	2168	35.0	1.00	45.8	22.9
340.00	855	35.0	1.00	46.0	23.0
342.00	504	35.0	1.00	46.2	23.1
344.00	371	35.0	1.00	46.4	23.2
346.00	288	35.0	1.00	46.6	23.3
348.00	239	35.0	1.00	46.8	23.4
350.00	217	35.0	1.00	47.0	23.5
352.00	206	35.0	1.00	47.2	23.6
354.00	198	35.0	1.00	47.4	23.7
356.00	191	35.0	1.00	47.6	23.8
358.00	175	35.0	1.00	47.8	23.9
360.00	160	35.0	1.00	48.0	24.0
362.00	175	35.0	1.00	48.2	24.1
364.00	147	35.0	1.00	48.4	24.2
366.00	176	35.0	1.00	48.6	24.3
368.00	139	35.0	1.00	48.8	24.4
370.00	151	35.0	1.00	49.0	24.5
372.00	157	35.0	1.00	49.2	24.6
374.00	137	35.0	1.00	49.4	24.7
376.00	123	35.0	1.00	49.6	24.8
378.00	145	35.0	1.00	49.8	24.9
380.00	139	35.0	1.00	50.0	25.0
