Voltage U	Current I	Voltage U2
U/mV	I/mA	U2/mV

0	1.28	7
50	1.72	11
100	2.67	20
150	3.93	32
200	5.25	50
250	6.45	72
300	7.54	98
350	8.50	129
400	9.37	166
450	10.15	207
500	10.86	252
550	11.51	301
600	12.11	348
650	12.65	397
700	13.15	445
750	13.62	495
800	14.05	544
850	14.46	594
900	14.83	644
950	15.19	694
1000	15.52	745
1050	15.83	795
1100	16.13	847
1150	16.40	896
1200	16.67	945
1250	16.92	994
1300	17.16	1044
1350	17.38	1093
1400	17.60	1142
1450	17.80	1194
1500	18.00	1244
1550	18.19	1291
1600	18.37	1340
1650	18.54	1389
1700	18.70	1441
1750	18.86	1490
1800	19.01	1539
1850	19.16	1589
1900	19.30	1639
1950	19.44	1688
2000	19.57	1737
2050	19.70	1788
2100	19.82	1837
2150	19.95	1886
2200	20.06	1935
2250	20.18	1984
2300	20.29	2035
2350	20.39	2084
2400	20.49	2133
2450	20.60	2180
2500	21.02	2229
