Voltage U	Current I	Voltage U2
U/mV	I/mA	U2/mV

0	1.40	9
50	1.89	14
100	2.98	21
150	4.48	32
200	6.10	48
250	7.65	69
300	9.04	96
350	10.30	128
400	11.44	164
450	12.23	205
500	13.19	250
550	14.06	296
600	14.87	344
650	15.61	394
700	16.29	444
750	16.93	493
800	17.53	542
850	18.09	590
900	18.61	639
950	19.10	687
1000	19.56	738
1050	19.99	788
1100	20.40	838
1150	20.79	888
1200	21.16	938
1250	21.51	987
1300	21.84	1037
1350	22.16	1088
1400	22.46	1139
1450	22.75	1189
1500	23.03	1237
1550	23.29	1287
1600	23.55	1336
1650	23.79	1383
1700	24.03	1433
1750	24.25	1481
1800	24.47	1530
1850	24.68	1580
1900	24.88	1631
1950	25.08	1679
2000	25.27	1729
2050	25.45	1779
2100	25.63	1829
2150	25.80	1879
2200	25.97	1928
2250	26.13	1979
2300	26.29	2029
2350	26.44	2076
2400	26.59	2123
2450	27.16	2173
2500	27.73	2223
