Voltage U	Current I	Voltage U2
U/mV	I/mA	U2/mV

0	0.56	7
15	0.56	6
30	0.57	9
45	0.57	11
60	0.57	20
75	0.57	29
90	0.57	38
105	0.57	49
120	0.59	62
135	0.59	75
150	0.60	90
165	0.60	105
180	0.60	121
195	0.60	138
210	0.60	151
225	0.60	163
240	0.60	179
255	0.60	194
270	0.60	209
285	0.60	223
300	0.60	241
315	0.60	256
330	0.60	272
345	0.60	285
360	0.60	299
375	0.61	313
390	0.62	329
405	0.63	343
420	0.64	357
435	0.64	372
450	0.66	384
465	0.67	401
480	0.69	414
495	0.72	428
510	0.75	443
525	0.78	461
540	0.84	476
570	0.83	509
585	0.96	524
600	1.14	539
615	1.37	550
630	1.69	565
645	2.11	581
660	2.64	595
675	3.36	607
690	4.30	620
705	5.76	633
720	7.30	647
735	9.32	660
750	11.81	673
765	14.99	686
780	18.56	697
795	22.79	708
810	27.77	720
825	33.66	731
840	40.07	742
855	47.21	753
870	55.38	760
885	64.13	768
900	73.30	776
915	82.97	784
930	93.41	790
