Voltage U	Current I	Voltage U2
U/mV	I/mA	U2/mV

0	0.57	26
15	0.57	23
30	0.56	25
45	0.57	30
60	0.60	32
75	0.60	41
90	0.60	43
105	0.60	52
120	0.60	63
135	0.61	80
150	0.61	93
165	0.60	110
180	0.62	122
195	0.62	137
210	0.62	152
225	0.62	166
240	0.62	183
255	0.62	201
270	0.62	215
285	0.62	226
300	0.61	241
315	0.61	257
330	0.61	272
345	0.61	286
360	0.61	304
375	0.62	318
390	0.62	335
405	0.62	346
420	0.64	361
435	0.65	377
450	0.66	395
465	0.68	409
480	0.70	426
495	0.72	442
510	0.75	456
525	0.77	474
540	0.81	487
555	0.85	502
570	0.90	520
585	0.97	534
600	1.08	546
615	1.18	558
630	1.34	570
645	1.55	583
660	1.80	595
675	2.13	609
690	2.55	624
705	3.06	639
720	3.64	652
735	4.36	665
750	5.19	680
765	6.20	695
780	7.29	709
795	8.52	723
810	9.89	737
825	11.45	749
840	13.08	763
855	14.84	777
870	16.79	790
885	18.87	802
900	20.99	815
915	23.22	828
930	25.60	844
945	28.14	856
960	30.73	869
975	33.40	881
990	36.22	893
1005	39.02	906
1020	41.88	921
1035	44.86	935
1050	48.01	947
1065	51.11	961
1080	54.32	971
1095	57.55	985
1110	60.95	1001
1125	64.29	1013
1140	67.67	1026
1155	71.27	1037
1170	74.97	1047
1185	78.55	1057
1200	81.65	1071
1215	84.87	1083
1230	88.22	1094
1245	91.70	1103
1260	95.31	1112
1275	99.07	1125
1290	102.98	1136
1305	107.04	1148
1320	111.27	1159
1335	115.65	1173
1350	120.21	1183
1365	124.94	1195
1380	128.96	1206
1395	133.19	1217
1410	137.28	1230