Voltage U	Current I	Voltage U2
U/mV	I/mA	U2/mV

0	0.57	18
30	0.56	19
60	0.56	25
90	0.57	32
120	0.57	43
150	0.57	55
180	0.58	75
210	0.58	93
240	0.58	118
270	0.58	145
300	0.58	174
330	0.58	205
360	0.58	237
390	0.58	265
420	0.64	294
450	0.70	323
480	0.77	352
510	0.85	381
540	0.93	411
570	1.01	440
600	1.10	470
630	1.19	498
660	1.29	525
690	1.38	556
720	1.41	587
750	1.49	617
780	1.65	647
810	1.96	676
840	2.44	704
870	3.16	730
900	4.09	756
930	5.31	783
960	6.79	808
990	8.56	829
1020	10.57	848
1050	12.87	870
1080	15.44	888
1110	18.28	904
1140	21.35	921
1170	24.71	939
1200	28.15	953
1230	31.47	966
1260	34.68	975
1290	37.77	985
1320	40.76	992
1350	43.65	997
1380	47.21	1003
1410	50.76	1007
1440	54.32	1008
1470	57.88	1006
1500	61.44	1006
1530	65.00	1004
1560	66.58	1003
1590	68.15	1002
1620	71.71	1002
1650	75.27	1000
1680	78.83	997
1710	82.39	998
1740	85.95	997
1770	89.51	997
1800	93.07	997
1830	96.63	997
1860	100.18	997
1890	103.74	997
1920	107.30	995
1950	110.86	995
1980	114.41	995