Voltage U	Current I	Voltage U2
U/mV	I/mA	U2/mV

0	0.57	10
30	0.58	12
60	0.58	18
90	0.58	27
120	0.58	39
150	0.58	54
180	0.58	72
210	0.58	94
240	0.58	117
270	0.58	143
300	0.58	173
330	0.58	203
360	0.58	232
390	0.58	263
420	0.58	292
450	0.58	321
480	0.58	350
510	0.58	380
540	0.58	409
570	0.58	440
600	0.59	470
630	0.59	501
660	0.60	530
690	0.62	560
720	0.65	591
750	0.71	619
780	0.81	647
810	0.97	674
840	1.19	698
870	1.48	722
900	1.83	743
930	2.30	762
960	2.85	780
990	3.50	796
1020	4.25	809
1050	5.10	822
1080	6.06	834
1110	7.13	844
1140	8.32	854
1170	9.64	862
1200	11.09	871
1230	12.73	878
1260	14.53	887
1290	16.54	896
1320	18.76	905
1350	21.16	914
1380	23.79	923
1410	26.50	931
1440	29.55	941
1470	33.06	951
1500	36.62	962
1530	40.18	972
1560	43.74	979
1590	47.30	985
1620	50.86	992
1650	54.42	995
1680	57.98	997
