Voltage U	Current I	Voltage U2
U/mV	I/mA	U2/mV

0	0.00	9
15	0.00	10
30	0.00	10
45	0.00	10
60	0.00	20
75	0.00	26
90	0.00	39
105	0.00	50
120	0.00	62
135	0.00	79
150	0.00	98
165	0.00	113
180	0.00	129
195	0.00	147
210	0.00	159
225	0.00	173
240	0.00	186
255	0.00	200
270	0.00	218
285	0.00	227
300	0.00	240
315	0.00	255
330	0.00	270
345	0.00	287
360	0.00	304
375	0.00	321
390	0.00	334
405	0.00	349
420	0.00	360
435	0.00	376
450	0.00	389
465	0.00	404
480	0.00	422
495	0.00	433
510	0.00	449
525	0.00	463
540	0.00	481
555	0.01	500
570	0.01	516
585	0.01	532
600	0.01	547
615	0.01	565
630	0.01	575
645	0.01	591
660	0.01	604
675	0.01	619
690	0.01	630
705	0.01	642
720	0.01	656
735	0.01	674
750	0.01	691
765	0.01	704
780	0.02	720
795	0.02	734
810	0.02	746
825	0.02	761
840	0.02	776
855	0.02	792
870	0.02	811
885	0.02	822
900	0.03	834
915	0.03	848
930	0.03	863
945	0.03	877
960	0.04	892
975	0.04	907
990	0.05	924
1005	0.06	936
1020	0.07	947
1035	0.08	963
1050	0.10	978
1065	0.12	992
1080	0.16	1008
1095	0.20	1025
1110	0.27	1041
1125	0.35	1056
1140	0.45	1070
1155	0.60	1085
1170	0.77	1099
1185	0.98	1112
1200	1.24	1127