Voltage U	Current I	Voltage U2
U/mV	I/mA	U2/mV

0	0.00	23
15	0.00	27
30	0.00	33
45	0.00	36
60	0.00	41
75	0.00	47
90	0.00	52
105	0.00	61
120	0.00	68
135	0.00	84
150	0.00	96
165	0.00	107
180	0.00	119
195	0.00	137
210	0.00	152
225	0.00	167
240	0.00	182
255	0.00	193
270	0.00	209
285	0.00	224
300	0.00	240
315	0.00	254
330	0.00	269
345	0.00	284
360	0.01	302
375	0.01	317
390	0.01	333
405	0.01	347
420	0.01	361
435	0.01	375
450	0.01	389
465	0.01	405
480	0.01	421
495	0.01	435
510	0.01	445
525	0.01	459
540	0.01	478
555	0.01	493
570	0.01	509
585	0.01	523
600	0.01	538
615	0.02	556
630	0.02	569
645	0.02	582
660	0.02	597
675	0.02	614
690	0.02	627
705	0.02	644
720	0.02	662
735	0.02	677
750	0.02	696
765	0.02	708
780	0.02	723
795	0.03	738
810	0.03	754
825	0.03	768
840	0.03	779
855	0.03	793
870	0.03	804
885	0.03	820
900	0.03	831
915	0.03	845
930	0.03	861
945	0.04	877
960	0.04	896
975	0.04	914
990	0.04	930
1005	0.04	944
1020	0.04	959
1035	0.04	973
1050	0.04	988
1065	0.04	1002
1080	0.04	1017
1095	0.04	1031
1110	0.04	1041
1125	0.05	1051
1140	0.05	1071
1155	0.05	1089
1170	0.05	1104
1185	0.05	1119
1200	0.05	1134
1215	0.05	1149
1230	0.05	1164
1245	0.05	1182
1260	0.05	1200
1275	0.06	1216
1290	0.06	1227
1305	0.06	1238
1320	0.06	1252
1335	0.06	1268
1350	0.06	1283
1365	0.06	1298
1380	0.06	1314
1395	0.07	1328
1410	0.07	1339
1425	0.07	1353
1440	0.07	1367
1455	0.07	1384
1470	0.07	1399
1485	0.07	1418
1500	0.07	1434
1515	0.07	1453
1530	0.08	1466
1545	0.08	1477
1560	0.08	1492
1575	0.08	1508
1590	0.08	1524
1605	0.08	1537
1620	0.08	1552
1635	0.09	1563
1650	0.09	1576
1665	0.09	1587
1680	0.09	1605
1695	0.09	1620
1710	0.09	1634
1725	0.10	1649
1740	0.10	1662
1755	0.10	1676
1770	0.10	1690
1785	0.11	1705
1800	0.11	1723
1815	0.11	1737
1830	0.11	1750
1845	0.11	1766
1860	0.12	1781
1875	0.12	1796
1890	0.12	1811
1905	0.12	1827
1920	0.13	1843
1935	0.13	1858
1950	0.13	1870
1965	0.13	1887
1980	0.13	1901
1995	0.14	1916
2010	0.14	1931
2025	0.14	1948
2040	0.14	1964
2055	0.14	1979
2070	0.15	1994
2085	0.15	2008
2100	0.15	2026
2115	0.15	2040
2130	0.15	2055
2145	0.16	2069
2160	0.16	2085
2175	0.16	2097
2190	0.16	2111