Voltage U	Current I	Voltage U2
U/mV	I/mA	U2/mV

0	0.00	11
20	0.00	12
40	0.00	13
60	0.00	19
80	0.00	29
100	0.00	38
120	0.00	50
140	0.00	64
160	0.00	84
180	0.00	106
200	0.00	127
220	0.00	147
240	0.00	171
260	0.00	194
280	0.00	212
300	0.00	234
320	0.00	254
340	0.00	273
360	0.00	289
380	0.00	305
400	0.00	324
420	0.00	344
440	0.00	364
460	0.00	381
480	0.00	401
500	0.00	418
520	0.00	437
540	0.01	457
560	0.01	476
580	0.01	497
600	0.01	517
620	0.01	536
640	0.01	552
660	0.01	572
680	0.01	591
700	0.01	611
720	0.01	633
740	0.01	657
760	0.01	677
780	0.01	698
800	0.01	718
820	0.01	740
840	0.01	759
860	0.01	780
880	0.01	801
900	0.01	821
920	0.01	839
940	0.01	859
960	0.01	878
980	0.01	900
1000	0.01	920
1020	0.01	940
1040	0.02	961
1060	0.02	980
1080	0.02	998
1100	0.02	1018
1120	0.02	1037
1140	0.02	1054
1160	0.02	1074
1180	0.02	1090
1200	0.02	1110
1220	0.03	1127
1240	0.03	1146
1260	0.03	1166
1280	0.03	1186
1300	0.03	1206
1320	0.04	1226
1340	0.04	1246
1360	0.04	1267
1380	0.04	1287
1400	0.04	1309
1420	0.04	1328
1440	0.05	1349
1460	0.05	1368
1480	0.05	1388
1500	0.05	1408
1520	0.05	1429
1540	0.06	1449
1560	0.06	1466
1580	0.06	1486
1600	0.06	1505
1620	0.07	1525
1640	0.07	1544
1660	0.08	1564
1680	0.09	1585
1700	0.09	1604
1720	0.10	1625
1740	0.12	1644
1760	0.13	1664
1780	0.15	1685
1800	0.18	1704
1820	0.21	1724
1840	0.25	1745
1860	0.30	1765
1880	0.37	1783
1900	0.40	1803