Voltage U	Current I	Voltage U2
U/mV	I/mA	U2/mV

0	0.00	16
15	0.00	16
30	0.00	17
45	0.00	21
60	0.00	32
75	0.00	40
90	0.00	50
105	0.00	57
120	0.00	68
135	0.00	80
150	0.00	96
165	0.00	110
180	0.00	126
195	0.00	139
210	0.00	149
225	0.00	164
240	0.00	179
255	0.00	200
270	0.00	215
285	0.00	230
300	0.00	243
315	0.00	258
330	0.00	272
345	0.00	292
360	0.01	312
375	0.01	327
390	0.01	342
405	0.01	353
420	0.01	367
435	0.01	381
450	0.01	396
465	0.01	416
480	0.01	430
495	0.01	442
510	0.01	451
525	0.01	465
540	0.01	480
555	0.01	493
570	0.01	509
585	0.01	520
600	0.01	534
615	0.02	545
630	0.02	565
645	0.02	579
660	0.02	595
675	0.02	610
690	0.02	629
705	0.02	646
720	0.02	665
735	0.02	680
750	0.02	695
765	0.02	710
780	0.02	720
795	0.03	735
810	0.03	749
825	0.03	764
840	0.03	774
855	0.03	786
870	0.03	800
885	0.03	820
900	0.03	835
915	0.03	850
930	0.03	865
945	0.04	879
960	0.04	898
975	0.04	913
990	0.04	929
1005	0.04	945
1020	0.04	957
1035	0.04	967
1050	0.05	983
1065	0.05	1001
1080	0.05	1018
1095	0.05	1034
1110	0.05	1051
1125	0.05	1066
1140	0.06	1079
1155	0.06	1093
1170	0.06	1108
1185	0.06	1127
1200	0.07	1143
1215	0.07	1154
1230	0.07	1171
1245	0.07	1183
1260	0.08	1192
1275	0.08	1207
1290	0.08	1227
1305	0.09	1243
1320	0.09	1256
1335	0.09	1269
1350	0.10	1282
1365	0.10	1298
1380	0.10	1308
1395	0.11	1326
1410	0.11	1341
1425	0.12	1357
1440	0.12	1368
1455	0.13	1384
1470	0.13	1399
1485	0.14	1413
1500	0.14	1429
1515	0.15	1444
1530	0.15	1460
1545	0.16	1473
1560	0.16	1488
1575	0.17	1505
1590	0.18	1519
1605	0.18	1532
1620	0.19	1547
1635	0.20	1562
1650	0.21	1574
1665	0.21	1589
1680	0.22	1602
1695	0.23	1618
1710	0.24	1634
1725	0.25	1646
1740	0.26	1661
1755	0.27	1677
1770	0.28	1691
1785	0.29	1706
1800	0.30	1721