Voltage U	Current I	Voltage U2
U/mV	I/mA	U2/mV

7000	1.29	3041
7100	1.29	3041
7200	1.28	3041
7300	1.28	3041
7400	1.28	3041
7500	1.29	3041
7600	1.29	3041
7700	1.30	3041
7800	1.30	3041
7900	1.31	3041
8000	1.32	3041
8100	1.32	3041
8200	1.33	3041
8300	1.33	3041
8400	1.34	3041
8500	1.34	3041
8600	1.35	3041
8700	1.35	3041
8800	1.36	3041
8900	1.37	3041
9000	1.38	3041
9100	1.38	3041
9200	1.39	3041
9300	1.40	3041
9400	1.42	3041
9500	1.44	3041
9600	1.46	3041
9700	1.52	3041
9800	1.66	3041
9900	2.04	3041
10000	2.71	3041
