Voltage U	Current I	Voltage U2
U/mV	I/mA	U2/mV

0	0.58	10
15	0.58	14
30	0.58	19
45	0.58	20
60	0.58	26
75	0.58	38
90	0.58	50
105	0.58	62
120	0.58	75
135	0.58	89
150	0.58	100
165	0.58	120
180	0.58	134
195	0.58	149
210	0.58	167
225	0.58	179
240	0.58	189
255	0.58	204
270	0.58	218
285	0.58	233
300	0.58	247
315	0.58	257
330	0.58	271
345	0.58	285
360	0.58	298
375	0.58	311
390	0.58	326
405	0.58	341
420	0.58	357
435	0.58	370
450	0.58	384
465	0.58	399
480	0.58	414
495	0.58	428
510	0.58	442
525	0.58	457
540	0.58	476
555	0.58	491
570	0.58	509
585	0.58	526
600	0.58	541
615	0.58	560
630	0.58	574
645	0.58	595
660	0.58	609
675	0.58	627
690	0.58	642
705	0.58	656
720	0.58	668
735	0.59	686
750	0.59	701
765	0.59	712
780	0.59	728
795	0.59	741
810	0.59	758
825	0.59	771
840	0.59	781
855	0.59	798
870	0.59	816
885	0.59	829
900	0.59	844
915	0.59	859
930	0.59	878
945	0.60	889
960	0.60	906
975	0.60	925
990	0.60	939
1005	0.60	952
1020	0.60	966
1035	0.60	980
1050	0.60	994
1065	0.60	1010
1080	0.60	1020
1095	0.61	1033
1110	0.61	1045
1125	0.61	1055
1140	0.61	1070
1155	0.61	1091
1170	0.61	1104
1185	0.61	1116
1200	0.61	1136
1215	0.61	1151
1230	0.62	1169
1245	0.62	1189
1260	0.62	1203
1275	0.62	1220
1290	0.63	1237
1305	0.63	1245
1320	0.63	1260
1335	0.63	1278
1350	0.63	1293
1365	0.63	1306
1380	0.63	1318
1395	0.63	1329
1410	0.63	1343
1425	0.63	1357
1440	0.63	1371
1455	0.63	1390
1470	0.63	1408
1485	0.63	1418
1500	0.63	1429
1515	0.64	1447
1530	0.64	1461
1545	0.64	1476
1560	0.64	1492
1575	0.64	1506
1590	0.65	1521
1605	0.65	1536
1620	0.65	1547
1635	0.66	1562
1650	0.66	1577
1665	0.67	1590
1680	0.67	1606
1695	0.67	1620